0.00390625 0.6940000457689166 6.0187515813e-01
0.001953125 0.7511000148952007 3.0813837232e-01
0.0009765625 0.8017000509425998 1.5574205195e-01
0.00048828125 0.8686000946909189 7.8270653090e-02
0.000244140625 1.047800062224269 3.9232652874e-02
0.0001220703125 1.3504999224096537 1.9640342544e-02
6.103515625e-05 2.003300003707409 9.8261198764e-03
3.051757812e-05 3.308099927380681 4.9144855372e-03
1.525878906e-05 5.539799924008548 2.4579531545e-03
7.629394531e-06 10.421199956908822 1.2350818286e-03
