0.00390625 75.33350004814565 6.0187514741e-01
0.001953125 156.23799990862608 3.0813836902e-01
0.0009765625 318.0553000420332 1.5574205101e-01
0.00048828125 647.6683999644592 7.8270655129e-02
0.000244140625 1325.7815999677405 3.9232639675e-02
0.0001220703125 2617.724800016731 1.9640334182e-02
6.103515625e-05 5511.9084001053125 9.8261134145e-03
3.051757812e-05 11018.90819997061 4.9144843769e-03
1.525878906e-05 21005.160100059584 2.4579469555e-03
7.629394531e-06 41710.466900025494 1.2350671686e-03
