0.00390625 49.009839072823524 6.1480239721e+00
0.001953125 97.86410117521882 5.8435169420e+00
0.0009765625 198.57456581667066 5.0999407618e+00
0.00048828125 400.65816417336464 3.6428202352e+00
0.000244140625 783.5631142370403 2.0686337845e+00
0.0001220703125 1557.8443920239806 1.0672781627e+00
6.103515625e-05 3114.7091137245297 5.3821460172e-01
3.051757812e-05 6238.38344682008 2.7022577534e-01
1.525878906e-05 12457.038019318134 1.4190220039e-01
7.629394531e-06 24953.93900712952 1.6047566588e-01
