0.00390625 0.7704631425440311 6.0187515813e-01
0.001953125 0.8645020425319672 3.0813837232e-01
0.0009765625 1.0616760700941086 1.5574205195e-01
0.00048828125 1.4502070844173431 7.8270653090e-02
0.000244140625 2.215677872300148 3.9232652874e-02
0.0001220703125 3.762429114431143 1.9640342544e-02
6.103515625e-05 6.8518309853971004 9.8261198764e-03
3.051757812e-05 13.032570946961641 4.9144855372e-03
1.525878906e-05 25.403179693967104 2.4579531545e-03
7.629394531e-06 50.115942023694515 1.2350818286e-03
