0.01171875 57.873752899467945 2.5800984919e+03
0.005859375 113.15677827224135 2.5700074812e+02
0.0029296875 218.51903479546309 3.4941165986e+02
0.00146484375 432.54330987110734 3.9449888425e+02
0.000732421875 852.5970065966249 1.7283058601e+02
0.0003662109375 1693.2571339420974 9.0376921997e+02
0.0001831054688 3435.3591660037637 8.1840273378e+02
9.155273438e-05 6746.660440228879 4.5330272316e+03
4.577636719e-05 13490.075857844204 1.2301184848e+03
2.288818359e-05 26197.222359944135 2.7190851097e+03
